-106
-60
-64
-128
-95
-95
-128
-127
-105
-103
-106
-47
-72
-128
-90
-72
-128
-128
-102
-104
-106
-33
-92
-128
-71
-82
-103
-128
-101
-104
-97
-54
-121
-128
-76
-80
-90
-122
-97
-105
-94
-51
-128
-109
-121
-81
-79
-116
-105
-105
-98
-57
-102
-128
-128
-82
-115
-123
-100
-105
-107
-96
-57
-128
-118
-88
-116
-111
-104
-105
-103
-107
-60
-110
-111
-91
-96
-106
-107
-106
-86
-104
-112
-108
-103
-98
-100
-88
-104
-102
-110
-105
-106
-105
-102
-102
-94
-63
-122
-84
-128
-128
-128
-114
-80
-111
-105
-128
-128
-128
-128
-128
-128
-74
-87
-123
-126
-111
-128
-128
-128
-128
-127
-85
-128
-128
-109
-128
-128
-128
-128
-128
-128
-95
-113
-127
-114
-128
-128
-128
-128
-128
-72
-114
-128
-128
-128
-128
-128
-128
-128
-124
-72
-128
-111
-116
-128
-128
-128
-128
-128
-128
-128
-110
-128
-119
-116
-128
-128
-128
-128
-128
-128
-127
-106
-115
-128
-128
-128
-128
-128
-128
-120
-128
-128
-128
-128
-128
-128
-128
-128
-122
-128
-128
-128
-128
-128
-128
-128
-128
-127
-124
-122
-120
-102
-128
-92
-90
-124
-128
-127
-123
-115
-108
-122
-95
-128
-117
-126
-128
-126
-120
-96
-104
-64
-109
-58
-128
-128
-127
-123
-119
-122
-105
-124
-89
-106
-128
-128
-128
-127
-112
-105
-99
-102
-111
-96
-121
-124
-128
-127
-93
-113
-112
-95
-113
-120
-106
-125
-128
-127
-115
-83
-109
-68
-78
-110
-122
-124
-128
-122
-126
-107
-86
-123
-128
-121
-128
-121
-126
-114
-113
-124
-120
-122
-126
-123
-121
-128
-125
-122
-112
-117
-124
-121
-125
-123
-108
-124
-116
-123
-120
-128
-128
-106
-128
-96
-51
-113
-124
-123
-115
-128
-124
-101
-128
-128
-63
-103
-125
-124
-113
-128
-105
-76
-128
-128
-84
-105
-124
-119
-122
-128
-103
-94
-128
-128
-103
-112
-124
-113
-128
-128
-111
-120
-103
-128
-115
-109
-125
-113
-120
-128
-115
-82
-111
-128
-115
-111
-125
-123
-121
-120
-128
-61
-69
-128
-111
-116
-125
-126
-128
-118
-128
-105
-98
-128
-128
-126
-125
-120
-128
-115
-116
-117
-120
-122
-125
-125
-123
-117
-121
-112
-118
-118
-120
-120
-128
-97
-115
-128
-128
-125
-93
-128
-128
-128
-128
-128
-128
-128
-128
-128
-128
-128
-128
-128
-128
-128
-128
-128
-128
-128
-125
-116
-128
-128
-128
-128
-128
-128
-128
-128
-128
-128
-128
-128
-128
-128
-128
-128
-128
-128
-128
-128
-128
-128
-128
-128
-128
-128
-128
-128
-127
-128
-128
-128
-128
-128
-128
-128
-128
-128
-128
-105
-112
-128
-128
-128
-128
-128
-128
-128
-128
-128
-128
-128
-128
-128
-128
-128
-128
-128
-128
-128
-128
-128
-128
-128
-128
-128
-128
-128
-128
-128
-128
-128
-128
-128
-128
-128
-127
-128
-107
-99
-110
-128
-128
-128
-128
-128
-128
-128
-78
-92
-120
-128
-111
-128
-128
-128
-128
-128
-120
-128
-128
-128
-108
-128
-128
-127
-128
-116
-73
-105
-107
-108
-108
-128
-128
-128
-128
-102
-128
-128
-128
-128
-128
-128
-128
-128
-119
-104
-128
-115
-128
-121
-116
-128
-128
-128
-124
-128
-115
-128
-128
-111
-128
-128
-128
-128
-128
-128
-95
-88
-120
-127
-128
-128
-128
-128
-108
-115
-115
-128
-126
-128
-128
-123
-128
-122
-107
-128
-128
-128
-128
-128
-128
-125
-128
-128
-128
-128
-128
-128
-128
-93
-70
-128
-128
-128
-128
-128
-128
-110
-128
-128
-91
-124
-128
-128
-128
-128
-84
-48
-128
-128
-120
-123
-128
-128
-128
-128
-90
-128
-128
-128
-127
-128
-128
-128
-128
-128
-105
-126
-112
-128
-128
-128
-128
-128
-128
-128
-113
-89
-118
-128
-128
-128
-128
-128
-128
-128
-128
-36
-91
-128
-125
-128
-128
-128
-128
-128
-128
-128
-128
-128
-128
-128
-128
-128
-128
-128
-128
-128
-128
-128
-128
-128
-128
-128
-128
-126
-128
-128
-128
-128
-128
-128
-128
-128
-113
-110
-120
-111
-125
-128
-68
-128
-128
-128
-121
-128
-104
-90
-96
-106
-104
-128
-128
-128
-124
-128
-100
-89
-121
-110
-114
-128
-128
-128
-115
-128
-106
-128
-122
-128
-125
-128
-128
-121
-118
-128
-90
-106
-110
-106
-115
-128
-128
-128
-123
-106
-106
-93
-86
-112
-128
-128
-128
-128
-128
-127
-120
-90
-128
-127
-128
-128
-128
-123
-110
-125
-128
-126
-117
-127
-128
-125
-124
-116
-124
-128
-125
-128
-128
-128
-127
-112
-128
-120
-123
-125
-128
-128
-128
-128
-120
-115
-128
-128
-128
-115
-104
-93
-82
-114
-128
-128
-128
-128
-126
-90
-128
-128
-110
-118
-128
-128
-128
-128
-117
-94
-128
-128
-128
-128
-128
-128
-128
-128
-117
-112
-128
-128
-115
-104
-128
-128
-128
-128
-96
-128
-128
-128
-128
-128
-128
-128
-128
-128
-110
-128
-128
-128
-128
-128
-128
-128
-128
-128
-128
-101
-89
-128
-128
-128
-128
-128
-128
-128
-128
-128
-118
-128
-128
-128
-128
-128
-128
-128
-128
-128
-128
-128
-128
-128
-128
-128
-128
-128
-128
-128
-128
-128
-128
-128
-128
-128
-128
-128
-128
-128
-128
-112
-113
-128
-128
-128
-128
-128
-128
-128
-128
-111
-121
-128
-128
-128
-128
-128
-128
-128
-128
-123
-128
-128
-128
-128
-128
-128
-128
-128
-128
-127
-128
-128
-128
-128
-128
-128
-128
-128
-128
-128
-128
-128
-128
-128
-128
-128
-128
-128
-128
-128
-128
-128
-128
-128
-128
-128
-128
-119
-128
-128
-128
-128
-128
-128
-128
-128
-128
-128
-128
-128
-128
-128
-128
-128
-128
-128
-128
-128
-128
-128
-128
-128
-128
-128
-128
-128
-128
-128
-128
-128
-128
-128
-128
-128
-128
-108
-96
-60
-128
-127
-119
-128
-119
-107
-107
-108
-75
-67
-128
-108
-86
-118
-110
-107
-107
-106
-81
-80
-128
-98
-114
-128
-108
-101
-107
-107
-70
-118
-128
-116
-128
-125
-108
-102
-107
-104
-85
-128
-108
-121
-103
-118
-111
-106
-108
-109
-106
-97
-128
-128
-91
-125
-119
-104
-108
-108
-108
-93
-128
-128
-115
-124
-111
-107
-106
-104
-105
-113
-128
-108
-100
-108
-107
-108
-107
-107
-119
-110
-109
-104
-105
-105
-102
-111
-108
-116
-112
-104
-107
-105
-102
-102
-94
-113
-104
-128
-128
-124
-118
-109
-127
-128
-128
-128
-128
-128
-128
-128
-106
-128
-128
-128
-128
-128
-128
-128
-128
-128
-128
-128
-125
-123
-128
-128
-128
-128
-128
-121
-128
-128
-128
-128
-128
-128
-128
-128
-115
-128
-128
-128
-128
-128
-128
-128
-128
-128
-128
-128
-123
-128
-128
-128
-128
-128
-128
-128
-128
-128
-128
-128
-128
-128
-128
-128
-128
-128
-128
-128
-127
-128
-128
-128
-128
-128
-128
-128
-128
-128
-128
-128
-128
-128
-128
-128
-128
-128
-128
-128
-128
-128
-128
-128
-128
-128
-128
-128
-128
-128
-128
-111
-80
-102
-128
-128
-128
-128
-128
-128
-128
-128
-128
-105
-128
-128
-128
-128
-128
-128
-112
-128
-128
-128
-128
-128
-128
-128
-128
-128
-128
-128
-128
-128
-128
-128
-128
-128
-128
-128
-128
-128
-128
-128
-128
-128
-128
-128
-128
-128
-128
-128
-128
-128
-128
-128
-128
-128
-128
-128
-104
-120
-128
-128
-128
-128
-128
-128
-128
-128
-128
-128
-128
-128
-128
-128
-128
-128
-128
-128
-128
-128
-128
-128
-128
-128
-128
-128
-128
-128
-128
-128
-128
-128
-128
-128
-128
-128
-125
-103
-88
-112
-97
-128
-128
-128
-128
-128
-117
-94
-100
-126
-107
-77
-128
-128
-128
-128
-120
-99
-128
-118
-113
-82
-128
-128
-128
-128
-114
-93
-92
-128
-104
-98
-127
-128
-128
-128
-114
-107
-128
-128
-120
-107
-128
-128
-128
-125
-102
-103
-127
-128
-110
-108
-127
-128
-128
-128
-125
-108
-114
-128
-95
-111
-128
-128
-128
-128
-128
-113
-98
-121
-128
-123
-128
-128
-128
-126
-105
-120
-128
-128
-128
-128
-126
-128
-128
-128
-128
-128
-128
-128
-128
-128
-107
-125
-122
-128
-124
-128
-128
-127
-128
-128
-117
-128
-128
-128
-128
-128
-125
-93
-110
-128
-121
-128
-128
-128
-123
-128
-128
-127
-126
-128
-117
-128
-128
-128
-128
-124
-128
-81
-91
-128
-128
-128
-128
-125
-124
-128
-128
-128
-128
-121
-128
-128
-128
-124
-104
-128
-121
-117
-128
-128
-128
-128
-128
-128
-116
-107
-128
-119
-83
-128
-128
-128
-128
-128
-128
-108
-126
-128
-128
-128
-128
-128
-128
-123
-128
-122
-124
-128
-128
-128
-128
-128
-128
-103
-128
-128
-128
-128
-128
-126
-128
-111
-128
-128
-128
-128
-60
-128
-128
-94
-128
-128
-128
-128
-128
-110
-56
-128
-128
-82
-116
-128
-128
-128
-128
-105
-69
-128
-128
-128
-122
-128
-128
-128
-128
-79
-105
-128
-128
-128
-128
-128
-128
-128
-128
-92
-128
-128
-128
-128
-128
-128
-128
-128
-128
-128
-93
-128
-128
-128
-128
-128
-128
-128
-128
-128
-83
-128
-128
-128
-128
-128
-128
-128
-128
-128
-128
-128
-128
-128
-128
-128
-128
-128
-128
-128
-128
-128
-128
-128
-128
-128
-128
-128
-128
-128
-128
-128
-128
-128
-128
-128
-128
