-128
-128
-128
-128
-128
-128
-128
-128
-108
-77
-91
-71
-56
-78
-67
-128
-128
-128
-128
-128
-128
-128
-128
-128
-128
-128
-128
-128
-128
-128
-128
-108
-105
-100
-128
-127
-128
-125
-65
-70
-128
-128
-128
-128
-128
-128
-128
-128
-128
-128
-128
-128
-128
-128
-128
-108
-107
-128
-113
-112
-127
-128
-128
-80
-106
-128
-128
-128
-128
-128
-128
-128
-128
-128
-128
-128
-128
-128
-122
-102
-119
-104
-124
-128
-128
-128
-128
-109
-77
-128
-128
-128
-128
-128
-128
-128
-128
-128
-128
-128
-128
-128
-118
-122
-107
-128
-128
-128
-128
-128
-128
-128
-104
-128
-128
-128
-128
-128
-128
-128
-128
-128
-128
-128
-128
-128
-126
-119
-113
-128
-128
-128
-128
-128
-128
-128
-97
-128
-128
-128
-128
-128
-128
-128
-128
-128
-128
-128
-128
-128
-125
-128
-120
-96
-92
-124
-96
-101
-116
-128
-114
-128
-128
-128
-128
-128
-128
-128
-128
-128
-128
-128
-128
-128
-125
-127
-122
-117
-109
-123
-128
-114
-108
-128
-107
-128
-128
-128
-128
-128
-128
-128
-128
-128
-128
-128
-128
-128
-127
-121
-123
-128
-128
-117
-128
-128
-128
-128
-127
-128
-128
-128
-128
-128
-128
-128
-128
-128
-128
-128
-128
-121
-88
-127
-109
-128
-128
-126
-128
-128
-128
-128
-110
-128
-128
-128
-128
-128
-128
-128
-128
-128
-128
-128
-128
-122
-93
-128
-101
-119
-128
-113
-128
-128
-128
-128
-119
-126
-128
-128
-128
-128
-128
-128
-128
-128
-128
-128
-128
-125
-111
-128
-122
-120
-100
-105
-122
-125
-128
-128
-128
-101
-128
-128
-128
-128
-128
-128
-128
-128
-128
-128
-128
-126
-115
-128
-105
-92
-128
-107
-123
-128
-91
-115
-128
-128
-128
-128
-128
-128
-128
-128
-128
-128
-128
-128
-128
-128
-128
-98
-113
-79
-102
-128
-125
-120
-118
-117
-128
-128
-128
-128
-128
-128
-128
-128
-128
-128
-128
-128
-128
-128
-128
-116
-128
-122
-75
-77
-112
-128
-125
-128
-111
-126
-128
-128
-128
-128
-128
-128
-128
-128
-128
-128
-128
-128
-128
-128
-128
-116
-128
-110
-128
-128
-128
-128
-128
-124
-128
-128
-128
-128
-128
-128
-128
-128
-128
-128
-128
-128
-128
-128
-128
-128
-128
-128
-128
-128
-128
-128
-127
-128
-128
-128
-128
-128
-128
-128
-128
-128
-128
-128
-128
-128
-128
-128
-128
-128
-128
-128
-128
-127
-125
-124
-128
-126
-116
-124
-128
-128
-128
-128
-128
-128
-128
-122
-126
-101
-128
-128
-128
-128
-128
-128
-128
-128
-128
-128
-128
-128
-128
-123
-117
-120
-128
-128
-128
-128
-125
-128
-128
-128
-127
-128
-128
-128
-128
-128
-128
-128
-128
-128
-128
-128
-128
-128
-128
-123
-128
-128
-128
-128
-127
-128
-128
-128
-128
-128
-128
-128
-127
-128
-128
-128
-128
-128
-128
-128
-91
-128
-128
-128
-126
-128
-128
-125
-128
-128
-128
-128
-128
-128
-128
-128
-128
-128
-128
-128
-128
-128
-128
-126
-94
-128
-128
-128
-128
-128
-128
-128
-120
-128
-128
-128
-128
-128
-128
-128
-128
-128
-128
-128
-128
-128
-128
-128
-115
-127
-128
-128
-123
-128
-128
-128
-128
-128
-128
-111
-128
-128
-128
-128
-128
-128
-128
-128
-128
-128
-128
-128
-128
-119
-128
-128
-128
-128
-17
-16
-15
-14
-15
-15
-15
-14
-16
-69
-112
-73
-93
-75
-16
-12
-9
-11
-10
-10
-10
-11
-11
-13
-18
-16
-15
-14
-14
-14
-13
-15
-69
-71
-64
-64
-73
-82
-86
-16
-12
-11
-10
-10
-11
-11
-11
-12
-17
-16
-16
-14
-14
-13
-13
-40
-55
-52
-54
-67
-63
-88
-82
-75
-14
-10
-11
-10
-10
-11
-11
-13
-18
-18
-16
-14
-13
-13
-13
-61
-70
-79
-23
19
-2
-34
-69
-69
-15
-12
-10
-11
-12
-11
-11
-12
-19
-17
-16
-14
-14
-14
-33
-75
-77
-11
30
26
9
4
-44
-66
-24
-10
-10
-11
-12
-12
-12
-12
-18
-18
-17
-16
-13
-12
-46
-96
-42
12
18
19
13
3
-6
-47
-39
-7
-10
-9
-10
-11
-11
-13
-18
-18
-16
-15
-13
-14
-51
-70
-58
-52
-30
4
-25
-41
-41
-45
-28
-8
-8
-10
-10
-10
-12
-12
-19
-18
-16
-14
-13
-14
-46
-67
-57
-37
6
0
-13
-46
-26
-41
-35
-7
-10
-11
-10
-10
-12
-13
-20
-19
-17
-15
-15
-15
-51
-72
25
33
12
8
32
41
21
-47
3
-7
-8
-11
-11
-12
-12
-13
-21
-19
-18
-17
-16
-19
-55
-58
-1
13
2
9
20
28
2
-24
-12
-6
-9
-10
-12
-12
-13
-12
-21
-20
-20
-19
-18
-42
-69
-29
-27
-8
-9
7
7
0
-16
2
-14
-7
-6
-11
-12
-12
-13
-13
-22
-21
-21
-22
-22
-50
-28
-10
-11
-26
9
1
-2
-11
-14
-15
-11
-8
-9
-10
-12
-13
-13
-14
-23
-22
-22
-24
-24
-16
-20
-21
-39
-27
16
33
11
4
-43
-17
-5
7
-9
-11
-12
-13
-14
-14
-24
-23
-23
-23
-24
-24
-14
-45
-80
-65
21
26
28
-23
-26
-16
-3
-10
-9
-11
-12
-12
-13
-15
-24
-24
-25
-25
-24
-23
-17
-18
-69
-58
-62
-29
-39
-10
6
5
-9
-11
-9
-9
-10
-11
-13
-15
-25
-24
-25
-27
-27
-27
-32
-26
-51
-40
-9
6
10
0
-9
-16
-7
-5
-10
-11
-10
-11
-14
-14
-25
-25
-27
-29
-28
-31
-28
-33
-5
-3
2
14
7
2
3
-2
-10
-12
-12
-12
-12
-15
-14
-14
-27
-29
-29
-31
-34
-36
-32
-20
-9
0
3
5
2
5
2
9
0
-17
-25
-12
-16
-15
-15
-17
-32
-33
-35
-33
-40
-51
6
-7
15
13
7
7
4
14
20
16
12
3
-5
-9
-22
-16
-17
-19
-32
-32
-41
-16
-11
11
-5
-9
-4
2
8
6
9
11
11
2
-6
-17
-8
2
3
-6
-17
-16
-34
-35
-38
-10
-8
-3
-16
-13
-13
-9
-3
0
1
-2
-5
-9
-9
-9
-25
-1
2
-6
-20
-20
-34
-39
-28
-12
-10
-17
-13
-11
-11
-3
0
1
1
0
-2
-3
-2
-3
-15
-3
-1
-11
-22
-22
-38
-42
-26
-15
-15
-25
-12
-6
-5
-4
6
7
7
8
3
-1
1
-4
-5
-6
-3
-12
-27
-24
-39
-43
-27
-11
-15
-37
-6
-5
-3
-1
1
0
-4
-3
2
6
8
-3
-11
-10
-2
-8
-17
-24
-128
-128
-128
-128
-128
-128
-128
-128
-128
-128
-128
-128
-128
-128
-128
-128
-128
-128
-128
-128
-128
-128
-128
-128
-128
-128
-128
-128
-128
-128
-128
-128
-128
-128
-115
-114
-111
-128
-128
-128
-128
-128
-128
-128
-128
-128
-128
-128
-128
-128
-128
-128
-128
-128
-128
-128
-116
-103
-110
-128
-121
-128
-127
-128
-128
-128
-128
-128
-128
-128
-128
-128
-128
-128
-128
-128
-128
-128
-128
-128
-122
-128
-121
-117
-114
-114
-126
-128
-128
-128
-128
-128
-128
-128
-128
-128
-128
-128
-128
-128
-128
-128
-128
-127
-126
-125
-111
-128
-128
-128
-123
-125
-128
-128
-128
-128
-128
-128
-128
-128
-128
-128
-128
-128
-128
-128
-128
-128
-126
-124
-128
-128
-128
-128
-126
-123
-128
-128
-128
-128
-128
-128
-128
-128
-128
-128
-128
-128
-128
-128
-128
-128
-113
-128
-128
-128
-128
-128
-128
-128
-128
-128
-128
-128
-128
-128
-128
-128
-128
-128
-128
-128
-128
-128
-128
-116
-101
-102
-128
-128
-95
-112
-128
-128
-128
-128
-128
-128
-128
-128
-128
-128
-128
-128
-128
-128
-128
-128
-128
-128
-122
-102
-128
-128
-121
-114
-117
-128
-128
-128
-128
-128
-128
-128
-128
-128
-128
-128
-128
-128
-128
-128
-128
-125
-128
-128
-128
-128
-128
-128
-128
-128
-128
-128
-128
-128
-128
-128
-128
-128
-128
-128
-128
-128
-128
-128
-126
-128
-127
-128
-128
-128
-128
-128
-128
-125
-128
-128
-128
-128
-128
-128
-128
-128
-128
-128
-128
-128
-128
-128
-114
-127
-128
-128
-128
-128
-128
-128
-128
-128
-128
-128
-128
-128
-128
-128
-128
-128
-128
-128
-128
-128
-128
-128
-117
-128
-128
-128
-110
-128
-128
-128
-128
-128
-128
-128
-128
-128
-128
-128
-128
-128
-128
-128
-128
-128
-128
-128
-128
-128
-128
-128
-128
-128
-128
-128
-128
-122
-128
-128
-128
-128
-128
-128
-128
-128
-128
-128
-128
-128
-128
-128
-128
-128
-128
-128
-128
-128
-128
-128
-125
-128
-128
-128
-128
-128
-128
-128
-128
-128
-128
-128
-128
-128
-128
-128
-128
-128
-125
-128
-126
-118
-128
-128
-128
-128
-128
-128
-128
-128
-128
-128
-128
-128
-128
-128
-128
-128
-128
-128
-128
-128
-128
-117
-128
-128
-128
-128
-128
-128
-128
-128
-128
-128
-128
-128
-128
-128
-128
-128
-128
-128
-128
-128
-128
-128
-128
-128
-128
-128
-128
-128
-128
-128
-128
-128
-128
-128
-128
-128
-128
-128
-128
-128
-128
-128
-128
-128
-128
-128
-128
-128
-128
-128
-128
-128
-128
-128
-128
-128
-128
-128
-128
-128
-128
-128
-128
-128
-128
-128
-128
-118
-128
-128
-128
-128
-128
-128
-128
-128
-128
-128
-128
-128
-128
-128
-128
-128
-128
-128
-128
-128
-128
-128
-128
-128
-128
-128
-128
-128
-128
-128
-128
-128
-128
-128
-128
-128
-128
-128
-128
-128
-128
-128
-128
-128
-128
-128
-128
-128
-128
-128
-128
-128
-128
-128
-128
-128
-128
-128
-128
-128
-128
-128
-128
-128
-128
-128
-128
-128
-128
-128
-128
-128
-128
-128
-128
-128
-128
-128
-128
-128
-128
-128
-128
-128
-128
-128
-128
-128
-128
-128
-128
-128
-128
-128
-128
-128
-128
-128
-128
-128
-128
-128
-128
-128
-128
-128
-128
-128
-128
-128
-128
-128
-128
-128
-56
-55
-53
-52
-54
-52
-54
-52
-45
-71
-66
-97
-108
-92
-56
-53
-50
-51
-51
-50
-51
-50
-50
-51
-55
-56
-54
-52
-53
-53
-53
-47
-46
-92
-98
-92
-96
-98
-117
-56
-50
-49
-51
-50
-51
-50
-50
-51
-55
-56
-54
-54
-52
-53
-46
-22
-83
-84
-87
-73
-91
-92
-103
-96
-54
-50
-51
-50
-51
-50
-50
-51
-55
-56
-55
-54
-53
-52
-16
-37
-87
-79
-94
-72
-41
-75
-84
-112
-56
-50
-50
-50
-51
-50
-50
-51
-56
-55
-56
-54
-52
-51
-30
-52
-95
-99
-56
-41
-29
-32
-51
-112
-62
-52
-50
-50
-51
-51
-50
-51
-56
-55
-56
-54
-53
-52
-19
-93
-109
-79
-40
-35
-30
-26
-28
-75
-93
-50
-51
-50
-50
-51
-51
-51
-56
-56
-55
-55
-54
-51
-18
-95
-100
-70
-53
-21
-33
-53
-35
-32
-100
-49
-50
-50
-51
-50
-50
-52
-56
-55
-55
-54
-52
-51
-17
-91
-88
-91
-68
-28
-32
-40
-51
-35
-97
-46
-50
-51
-51
-50
-51
-52
-57
-57
-56
-54
-53
-49
-24
-96
-67
-52
-44
-31
-32
-35
-28
-35
-77
-47
-49
-51
-51
-50
-51
-51
-58
-57
-56
-56
-52
-47
-26
-104
-62
-33
-31
-44
-29
-27
-22
-34
-61
-46
-47
-51
-51
-51
-51
-52
-58
-58
-57
-57
-54
-22
-71
-77
-75
-32
-36
-45
-38
-30
-28
-45
-67
-47
-47
-50
-51
-52
-52
-53
-59
-57
-57
-58
-54
-23
-96
-62
-70
-50
-42
-54
-42
-38
-37
-51
-36
-49
-47
-50
-51
-52
-52
-53
-59
-58
-57
-58
-58
-29
-79
-45
-64
-45
-39
-63
-45
-31
-60
-52
-53
-49
-48
-49
-51
-52
-52
-54
-60
-58
-58
-58
-59
-49
-52
-38
-38
-91
-57
-40
-32
-21
-73
-50
-53
-50
-49
-50
-51
-51
-52
-53
-60
-59
-59
-59
-59
-56
-53
-47
-40
-96
-87
-40
-41
-32
-59
-42
-55
-51
-50
-50
-51
-51
-51
-53
-60
-60
-59
-60
-61
-59
-63
-39
-29
-78
-63
-77
-58
-41
-47
-53
-49
-52
-50
-50
-50
-50
-52
-53
-60
-59
-60
-62
-61
-61
-65
-56
-35
-72
-62
-50
-44
-42
-42
-41
-59
-53
-51
-50
-51
-51
-53
-53
-61
-60
-60
-63
-64
-64
-65
-61
-57
-54
-50
-44
-42
-41
-43
-41
-48
-51
-56
-51
-53
-52
-53
-54
-64
-63
-62
-64
-47
-74
-54
-53
-51
-48
-47
-41
-42
-38
-41
-45
-44
-43
-50
-59
-63
-54
-53
-54
-64
-64
-60
-69
-45
-59
-45
-51
-52
-45
-41
-38
-44
-41
-38
-36
-43
-41
-50
-48
-38
-53
-55
-54
-65
-55
-68
-63
-52
-51
-50
-54
-53
-52
-42
-43
-44
-43
-42
-42
-45
-26
-69
-46
-37
-34
-55
-55
-66
-58
-72
-58
-50
-50
-52
-54
-51
-49
-49
-44
-46
-46
-47
-45
-45
-9
-73
-50
-37
-34
-57
-56
-67
-54
-81
-55
-48
-56
-53
-49
-49
-50
-46
-41
-44
-43
-41
-45
-43
-13
-50
-53
-40
-36
-62
-57
-68
-57
-78
-55
-36
-70
-54
-48
-48
-48
-45
-41
-44
-44
-42
-43
-41
-33
-44
-57
-42
-37
-58
-58
-128
-128
-128
-128
-128
-128
-128
-128
-116
-128
-128
-128
-123
-125
-128
-128
-128
-128
-128
-128
-128
-128
-128
-128
-128
-128
-128
-128
-128
-128
-128
-115
-128
-123
-115
-117
-126
-128
-107
-128
-128
-128
-128
-128
-128
-128
-128
-128
-128
-128
-128
-128
-128
-128
-118
-128
-124
-110
-124
-128
-118
-128
-127
-110
-128
-128
-128
-128
-128
-128
-128
-128
-128
-128
-128
-128
-128
-128
-128
-128
-108
-128
-113
-124
-119
-123
-128
-128
-87
-128
-128
-128
-128
-128
-128
-128
-128
-128
-128
-128
-128
-128
-128
-128
-114
-109
-107
-128
-128
-128
-128
-128
-91
-128
-128
-128
-128
-128
-128
-128
-128
-128
-128
-128
-128
-128
-128
-128
-127
-108
-128
-128
-128
-128
-128
-128
-97
-128
-128
-128
-128
-128
-128
-128
-128
-128
-128
-128
-128
-128
-124
-123
-112
-112
-128
-128
-128
-128
-128
-128
-98
-128
-128
-128
-128
-128
-128
-128
-128
-128
-128
-128
-128
-128
-128
-114
-111
-107
-122
-124
-97
-119
-122
-128
-101
-128
-128
-128
-128
-128
-128
-128
-128
-128
-128
-128
-128
-128
-128
-128
-98
-113
-113
-119
-128
-128
-113
-128
-104
-128
-128
-128
-128
-128
-128
-128
-128
-128
-128
-128
-128
-121
-128
-128
-100
-128
-128
-122
-128
-128
-128
-128
-105
-128
-128
-128
-128
-128
-128
-128
-128
-128
-128
-128
-128
-128
-112
-126
-106
-128
-128
-122
-128
-128
-128
-128
-123
-128
-128
-128
-128
-128
-128
-128
-128
-128
-128
-128
-128
-125
-104
-126
-128
-127
-126
-124
-128
-128
-128
-128
-128
-113
-128
-128
-128
-128
-128
-128
-128
-128
-128
-128
-128
-128
-115
-123
-128
-122
-128
-125
-126
-128
-128
-121
-128
-120
-128
-128
-128
-128
-128
-128
-128
-128
-128
-128
-128
-128
-119
-112
-128
-103
-124
-126
-128
-128
-102
-99
-128
-128
-128
-128
-128
-128
-128
-128
-128
-128
-128
-128
-128
-128
-128
-106
-128
-119
-121
-128
-128
-126
-96
-128
-118
-128
-128
-128
-128
-128
-128
-128
-128
-128
-128
-128
-128
-128
-128
-128
-128
-112
-128
-121
-128
-128
-128
-128
-128
-128
-128
-128
-128
-128
-128
-128
-128
-128
-128
-128
-128
-128
-128
-128
-127
-108
-128
-128
-128
-128
-128
-128
-128
-128
-128
-128
-128
-128
-128
-128
-128
-128
-128
-128
-128
-128
-128
-126
-128
-128
-128
-128
-128
-128
-128
-128
-128
-128
-128
-128
-128
-128
-128
-128
-128
-128
-128
-128
-122
-111
-128
-128
-128
-128
-128
-128
-128
-128
-128
-128
-128
-128
-128
-128
-128
-128
-128
-128
-128
-128
-128
-128
-128
-95
-128
-128
-128
-128
-128
-128
-128
-128
-128
-128
-128
-128
-128
-128
-128
-128
-128
-128
-128
-128
-128
-128
-128
-128
-128
-128
-128
-128
-128
-128
-128
-128
-128
-128
-128
-126
-111
-128
-128
-128
-128
-128
-128
-128
-124
-128
-128
-128
-128
-128
-128
-128
-128
-128
-128
-128
-128
-128
-128
-128
-88
-128
-128
-128
-128
-128
-128
-128
-124
-128
-128
-128
-128
-128
-128
-128
-128
-128
-128
-128
-128
-128
-128
-128
-98
-128
-128
-128
-128
-128
-128
-128
-125
-128
-128
-127
-128
-128
-128
-128
-128
-128
-128
-128
-128
-128
-128
-128
-128
-128
-128
-128
-128
-128
-128
-128
-128
-128
-128
-128
-128
-128
-121
-62
-63
-64
-69
-61
-82
-127
-128
-128
-128
-128
-128
-128
-128
-128
-128
-128
-128
-128
-128
-128
-128
-123
-82
-97
-128
-128
-123
-111
-71
-84
-128
-128
-128
-128
-128
-128
-128
-128
-128
-128
-128
-128
-128
-128
-128
-100
-107
-128
-113
-122
-114
-128
-116
-83
-100
-128
-128
-128
-128
-128
-128
-128
-128
-128
-128
-128
-128
-128
-128
-103
-124
-112
-113
-128
-128
-128
-128
-78
-100
-128
-128
-128
-128
-128
-128
-128
-128
-128
-128
-128
-128
-128
-126
-120
-105
-114
-128
-128
-128
-128
-128
-99
-101
-128
-128
-128
-128
-128
-128
-128
-128
-128
-128
-128
-128
-128
-128
-108
-118
-128
-128
-128
-128
-128
-128
-117
-93
-128
-128
-128
-128
-128
-128
-128
-128
-128
-128
-128
-128
-128
-128
-124
-111
-84
-75
-123
-94
-90
-109
-128
-103
-128
-128
-128
-128
-128
-128
-128
-128
-128
-128
-128
-128
-128
-128
-115
-116
-112
-121
-128
-128
-100
-113
-128
-103
-128
-128
-128
-128
-128
-128
-128
-128
-128
-128
-128
-128
-128
-126
-99
-128
-128
-117
-128
-128
-128
-128
-105
-112
-128
-128
-128
-128
-128
-128
-128
-128
-128
-128
-128
-128
-117
-103
-101
-112
-128
-118
-125
-125
-128
-128
-104
-125
-128
-128
-128
-128
-128
-128
-128
-128
-128
-128
-128
-128
-103
-109
-112
-104
-118
-113
-111
-125
-127
-128
-128
-119
-118
-128
-128
-128
-128
-128
-128
-128
-128
-128
-128
-128
-124
-105
-128
-117
-121
-93
-82
-118
-121
-128
-128
-109
-110
-128
-128
-128
-128
-128
-128
-128
-128
-128
-128
-128
-128
-128
-124
-74
-88
-97
-120
-115
-128
-83
-121
-116
-128
-128
-128
-128
-128
-128
-128
-128
-128
-128
-128
-128
-128
-126
-112
-78
-84
-100
-128
-128
-116
-97
-117
-116
-128
-128
-128
-128
-128
-128
-128
-128
-128
-128
-128
-128
-128
-128
-128
-120
-105
-82
-72
-98
-125
-124
-118
-122
-119
-128
-128
-128
-128
-128
-128
-128
-128
-128
-128
-128
-128
-126
-128
-124
-127
-125
-105
-128
-128
-128
-128
-121
-128
-128
-128
-128
-128
-128
-128
-128
-128
-128
-128
-128
-128
-128
-125
-128
-128
-128
-128
-128
-128
-128
-124
-125
-126
-128
-128
-128
-128
-128
-128
-128
-128
-126
-128
-128
-128
-123
-127
-117
-128
-128
-128
-128
-127
-117
-120
-128
-122
-115
-115
-122
-128
-128
-128
-128
-128
-128
-120
-122
-100
-128
-128
-128
-128
-128
-128
-124
-127
-128
-128
-128
-128
-128
-118
-116
-123
-128
-128
-128
-128
-120
-113
-128
-128
-128
-126
-125
-125
-128
-128
-128
-128
-128
-128
-128
-126
-128
-128
-128
-128
-124
-128
-128
-128
-120
-128
-128
-128
-127
-125
-127
-124
-123
-125
-124
-124
-126
-127
-128
-128
-89
-128
-128
-128
-128
-128
-128
-124
-110
-128
-128
-126
-128
-128
-128
-128
-126
-128
-128
-127
-128
-128
-128
-128
-91
-126
-128
-128
-128
-128
-128
-116
-118
-128
-128
-122
-128
-128
-128
-128
-128
-128
-128
-128
-128
-128
-128
-128
-112
-123
-128
-128
-123
-128
-128
-122
-124
-128
-128
-108
-128
-128
-128
-128
-128
-128
-127
-127
-128
-128
-128
-128
-115
-115
-128
-128
-128
-128
-128
-128
-128
-128
-128
-128
-128
-128
-116
-121
-116
-128
-123
-128
-120
-128
-128
-128
-128
-128
-128
-128
-128
-128
-128
-128
-128
-128
-128
-128
-128
-114
-108
-111
-122
-121
-125
-120
-123
-117
-128
-128
-128
-128
-128
-128
-128
-128
-128
-128
-128
-128
-128
-128
-128
-115
-106
-124
-118
-117
-120
-123
-122
-128
-128
-128
-128
-128
-128
-128
-128
-128
-128
-128
-128
-128
-128
-128
-126
-102
-121
-107
-118
-116
-125
-121
-122
-124
-128
-128
-128
-128
-128
-128
-128
-128
-128
-128
-128
-128
-128
-128
-122
-117
-128
-112
-107
-128
-120
-124
-115
-126
-128
-128
-128
-128
-128
-128
-128
-128
-128
-128
-128
-128
-128
-128
-116
-115
-127
-128
-128
-128
-128
-120
-120
-121
-128
-128
-128
-128
-128
-128
-128
-128
-128
-128
-128
-128
-128
-128
-113
-122
-128
-128
-120
-128
-127
-125
-117
-117
-128
-128
-128
-128
-128
-128
-128
-128
-128
-128
-128
-128
-128
-128
-110
-115
-118
-124
-120
-128
-111
-107
-120
-119
-128
-128
-128
-128
-128
-128
-128
-128
-128
-128
-128
-128
-128
-128
-110
-128
-122
-116
-128
-128
-126
-94
-126
-125
-128
-128
-128
-128
-128
-128
-128
-128
-128
-128
-128
-128
-128
-121
-117
-117
-128
-128
-128
-128
-128
-128
-128
-125
-128
-128
-128
-128
-128
-128
-128
-128
-128
-128
-128
-128
-128
-121
-105
-114
-128
-128
-128
-128
-128
-128
-128
-123
-116
-128
-128
-128
-128
-128
-128
-128
-128
-128
-128
-128
-128
-109
-127
-106
-128
-128
-123
-119
-128
-127
-128
-128
-121
-128
-128
-128
-128
-128
-128
-128
-128
-128
-128
-128
-128
-122
-117
-128
-117
-128
-112
-120
-124
-127
-126
-128
-121
-128
-128
-128
-128
-128
-128
-128
-128
-128
-128
-128
-128
-118
-128
-127
-114
-128
-125
-120
-128
-127
-117
-112
-116
-128
-128
-128
-128
-128
-128
-128
-128
-128
-128
-128
-128
-128
-120
-128
-114
-128
-128
-128
-125
-124
-112
-115
-116
-128
-128
-128
-128
-128
-128
-128
-128
-128
-128
-128
-128
-128
-128
-127
-118
-125
-122
-128
-119
-128
-128
-128
-121
-127
-128
-128
-128
-128
-128
-128
-128
-128
-128
-128
-128
-128
-128
-128
-106
-128
-127
-128
-128
-128
-128
-128
-128
-128
-128
-128
-128
-128
-128
-128
-128
-128
-128
-128
-128
-128
-128
-124
-121
-128
-128
-128
-128
-128
-128
-128
-128
-128
-123
-128
-128
-128
-128
-128
-128
-128
-128
-128
-128
-123
-128
-128
-128
-128
-128
-128
-128
-127
-128
-128
-128
-127
-128
-128
-126
-126
-128
-128
-128
-128
-128
-125
-123
-117
-128
-128
-128
-128
-128
-128
-128
-128
-128
-128
-128
-128
-126
-128
-128
-128
-128
-128
-128
-128
-127
-128
-128
-128
-128
-128
-128
-128
-128
-128
-128
-128
-128
-128
-128
-128
-128
-128
-128
-126
-128
-128
-128
-128
-128
-128
-128
-128
-128
-128
-128
-128
-128
-128
-128
-128
-128
-128
-128
-128
-119
-128
-128
-128
-128
-128
-128
-125
-128
-128
-128
-128
-128
-128
-128
-128
-128
-128
-128
-128
-128
-128
-128
-128
-122
-128
-128
-128
-128
-128
-128
-127
-128
-128
-128
-126
-128
-128
-128
-128
-128
-128
-128
-128
-128
-128
-128
-128
-119
-128
-128
-128
-127
-128
-128
-128
-128
-128
-128
-128
-128
-128
-101
-105
-105
-113
-123
-128
-128
-128
-128
-128
-128
-128
-128
-128
-128
-128
-128
-128
-128
-128
-128
-128
-128
-103
-95
-107
-120
-117
-123
-112
-128
-128
-128
-128
-128
-128
-128
-128
-128
-128
-128
-128
-128
-128
-128
-128
-103
-76
-105
-125
-128
-108
-112
-120
-118
-128
-128
-128
-128
-128
-128
-128
-128
-128
-128
-128
-128
-128
-128
-128
-82
-63
-123
-108
-128
-122
-93
-118
-113
-116
-128
-128
-128
-128
-128
-128
-128
-128
-128
-128
-128
-128
-128
-128
-95
-81
-128
-128
-128
-128
-101
-93
-92
-128
-128
-128
-128
-128
-128
-128
-128
-128
-128
-128
-128
-128
-128
-128
-75
-118
-128
-128
-128
-128
-123
-108
-74
-108
-128
-128
-128
-128
-128
-128
-128
-128
-128
-128
-128
-128
-128
-128
-77
-123
-128
-128
-128
-111
-102
-118
-98
-78
-128
-128
-128
-128
-128
-128
-128
-128
-128
-128
-128
-128
-128
-126
-85
-127
-111
-128
-128
-117
-101
-85
-123
-99
-128
-128
-128
-128
-128
-128
-128
-128
-128
-128
-128
-128
-128
-122
-88
-128
-124
-128
-128
-122
-116
-97
-105
-96
-128
-128
-128
-128
-128
-128
-128
-128
-128
-128
-128
-128
-128
-103
-77
-125
-128
-125
-120
-128
-126
-123
-103
-92
-128
-128
-128
-128
-128
-128
-128
-128
-128
-128
-128
-128
-127
-78
-102
-111
-128
-119
-113
-124
-128
-121
-114
-105
-128
-128
-128
-128
-128
-128
-128
-128
-128
-128
-128
-128
-126
-82
-128
-110
-126
-127
-119
-128
-122
-122
-121
-127
-100
-128
-128
-128
-128
-128
-128
-128
-128
-128
-128
-128
-128
-85
-128
-101
-112
-111
-108
-128
-128
-94
-128
-125
-112
-128
-128
-128
-128
-128
-128
-128
-128
-128
-128
-128
-128
-106
-113
-91
-68
-128
-128
-121
-119
-84
-119
-126
-128
-128
-128
-128
-128
-128
-128
-128
-128
-128
-128
-128
-128
-128
-120
-111
-73
-115
-128
-123
-125
-112
-101
-106
-128
-128
-128
-128
-128
-128
-128
-128
-128
-128
-128
-128
-128
-125
-128
-114
-67
-122
-106
-128
-128
-120
-117
-128
-124
-128
-128
-128
-128
-128
-128
-128
-128
-128
-128
-128
-128
-128
-128
-127
-97
-128
-128
-128
-128
-126
-122
-118
-128
-128
-128
-128
-128
-128
-128
-128
-128
-128
-128
-128
-128
-128
-128
-128
-127
-128
-128
-128
-128
-127
-126
-121
-121
-123
-128
-128
-128
-128
-128
-128
-128
-128
-122
-124
-98
-128
-127
-128
-126
-128
-128
-127
-128
-124
-123
-126
-127
-121
-118
-123
-128
-128
-128
-128
-128
-127
-121
-125
-122
-107
-125
-127
-128
-128
-128
-125
-128
-128
-128
-124
-128
-120
-125
-128
-116
-117
-128
-128
-128
-115
-125
-128
-128
-127
-127
-128
-128
-128
-128
-128
-128
-128
-128
-126
-126
-95
-128
-128
-124
-108
-128
-128
-128
-118
-122
-128
-128
-128
-128
-128
-128
-128
-128
-128
-128
-128
-128
-128
-128
-90
-109
-128
-124
-116
-128
-128
-128
-112
-128
-128
-123
-128
-128
-128
-128
-128
-128
-128
-128
-128
-128
-128
-128
-100
-92
-128
-128
-112
-128
-128
-128
-118
-128
-128
-103
-128
-128
-128
-128
-128
-128
-128
-128
-128
-127
-128
-128
-117
-102
-128
-128
-115
-122
-128
